928
417
617
547
578
591
660
498
545
630
538
638
423
130
621
199
474
249
522
980
804
706
178
871
315
425
370
618
153
851
768
559
648
817
529
147
457
802
828
530
526
573
749
438
299
689
133
351
656
900
680
702
480
811
889
805
872
918
870
198
518
536
967
771
464
983
788
336
300
309
395
750
385
515
451
409
367
927
341
432
278
814
807
125
562
855
835
361
369
585
421
882
412
926
473
126
863
751
346
955
136
604
639
477
413
797
825
742
830
842
739
524
993
531
968
180
994
146
445
690
998
305
314
324
566
755
373
712
608
626
704
679
772
778
291
934
478
765
908
137
725
127
433
337
555
222
144
541
912
720
289
558
426
878
525
115
556
206
519
516
196
269
976
833
281
465
806
708
758
810
941
653
120
550
168
124
673
415
458
488
767
135
582
274
990
710
939
495
563
173
491
401
940
694
348
746
546
414
774
254
376
359
230
449
916
161
917
493
320
327
713
384
857
728
766
396
176
151
985
590
253
611
723
212
191
316
245
443
587
239
195
709
747
894
619
112
157
760
462
510
509
999
250
460
183
853
716
437
258
654
114
548
722
860
589
936
302
110
297
463
330
633
886
285
684
987
655
571
472
887
539
240
794
636
666
363
932
528
948
979
484
736
214
282
733
677
270
572
404
288
885
434
838
952
640
381
923
486
551
850
866
455
246
368
479
567
944
365
497
470
840
184
208
791
540
960
973
729
921
880
420
331
954
783
773
834
492
252
279
631
743
629
264
858
667
977
329
799
301
914
441
167
859
888
468
734
333
770
594
122
895
362
406
565
507
789
266
659
586
229
374
377
686
813
719
613
383
624
913
345
864
761
800
185
943
741
535
512
964
963
319
471
542
721
762
569
775
340
494
956
898
632
865
700
357
499
482
172
111
380
187
503
763
596
140
505
971
256
959
903
500
334
685
676
891
754
606
753
447
429
233
981
511
102
829
349
216
227
517
827
996
123
593
390
393
557
782
424
718
392
945
581
379
946
785
852
242
576
997
504
688
440
182
446
795
693
635
580
141
815
929
691
992
360
238
922
867
876
737
325
687
339
731
988
764
821
920
237
841
607
109
961
752
201
116
970
933
651
259
951
175
174
442
892
427
134
861
735
405
714
697
177
128
657
911
215
490
662
354
138
798
323
225
560
711
796
726
408
801
727
131
410
803
669
513
935
644
873
663
210
475
343
218
150
849
104
416
202
597
665
454
189
483
164
575
969
837
730
485
674
402
845
439
192
193
371
883
884
322
672
448
171
561
350
692
823
846
641
826
306
235
107
812
703
481
605
271
292
986
459
552
909
602
293
646
352
160
234
592
937
879
403
502
612
232
313
328
899
430
335
670
255
159
364
303
532
290
938
355
637
616
574
862
675
543
919
784
893
170
790
204
854
957
296
287
418
399
695
431
294
262
283
678
211
435
658
321
643
681
699
577
388
121
904
251
537
819
958
326
224
257
628
342
265
398
924
317
843
984
705
780
847
661
966
186
759
701
163
584
223
179
792
248
931
634
869
203
263
599
609
411
108
106
450
907
890
947
101
149
295
158
261
194
647
820
113
304
583
444
139
467
816
877
298
844
534
188
389
428
533
344
777
375
129
391
620
310
200
622
995
275
169
650
698
744
489
818
623
307
453
508
579
962
456
407
103
682
975
614
162
978
166
757
501
400
273
143
356
808
570
105
165
645
506
318
190
226
793
181
197
906
544
209
366
353
419
668
422
942
664
974
724
476
241
625
118
769
809
642
220
595
615
740
236
520
277
553
286
603
132
824
965
874
910
219
839
787
748
387
268
311
156
822
598
231
260
897
272
213
989
244
207
896
338
217
247
100
732
671
148
155
394
925
831
554
280
601
228
564
142
902
521
452
707
496
756
527
588
982
649
523
466
549
781
875
856
358
836
881
308
832
276
600
397
848
953
745
949
378
610
779
905
243
145
738
487
382
717
776
117
332
347
972
652
696
284
901
267
627
436
915
154
119
469
683
205
568
950
715
930
372
786
461
312
221
386
152
514
991
868
